[TEXTURES]

0	worldmap\overworld-maps1.png	1	1	1
1	worldmap\black-background.png	1	1	1
2	worldmap\blackBgr_big.png	1	1	1
3	worldmap\overworld_map_sprite.png	166	185	255
4	worldmap\overworld_map_sprite1.png	166	185	255
5	worldmap\overworld_map_sprite2.png	166	185	255
10	worldmap\black-background.png	1	1	1
19	worldmap\font.png	255	0	255
20	worldmap\score.png	0	224	142
21	worldmap\goal-roulette.png	0	183	239

[SPRITES]
# map1
10001	0	0	234	162	0

# background
10099	0	0	352	200	2

# mario overworld
10051	4	115	18	131	3
10052	24	115	40	131	3

# tree
10101	4	13	20	29	3
10102	24	13	40	29	3
10103	44	13	60	29	3

# castle
10111	167	132	199	164	3
10112	167	132	199	164	4

# turtle
10121	85	73	101	89	3
10122	106	73	122	89	3
10123	145	73	161	89	5
10124	124	73	140	89	5

# Hub Hub
## board
70001	0	0	500	64	10

## number
70010	33	32	41	39	19
70011	43	32	51	39	19
70012	53	32	61	39	19
70013	63	32	71	39	19
70014	73	32	81	39	19
70015	83	32	91	39	19
70016	93	32	101	39	19
70017	103	32	111	39	19
70018	113	32	121	39	19
70019	123	32	131	39	19

## point
70021	60	89	72	97	20
70022	75	89	87	97	20
70023	90	89	102	97	20
70024	105	89	117	97	20
70025	120	89	135	97	20
70026	138	89	154	97	20
70027	157	89	173	97	20
70028	176	89	192	97	20
70029	195	89	211	97	20

## arrow
70031	64	162	72	169	20
70032	91	162	99	169	20
70033	73	162	88	169	20
70034	100	162	115	169	20

#GOAL CARD
51001	258	350	274	372	21
51002	278	350	294	372	21
51003	298	350	314	372	21

51011	386	394	408	436	21
51012	362	394	384	436	21
51013	338	394	360	436	21
51014	314	394	336	436	21

51099	4	348	252	421	21

[ANIMATIONS]
#mario overworld
51	10051	100	10052	100

# map1
1	10001	100

#background
99	10099	100

# tree
101	10101	200	10102	200	10103	200	10102	200

# castle
111	10111	1000	10112	1000

# turtle
121	10121	100	10122	100
123	10123	100	10124	100

# Hub Hub
## board
861	70001	100

## number
870	70010	100
871	70011	100
872	70012	100
873	70013	100
874	70014	100
875	70015	100
876	70016	100
877	70017	100
878	70018	100
879	70019	100

## point
881	70021	100
882	70022	100
883	70023	100
884	70024	100
885	70025	100
886	70026	100
887	70027	100
888	70028	100
889	70029	100

## arrow
921	70031	100
922	70032	100
923	70033	100
924	70034	100

# ==== GOAL CARDS ======
10001	51001	100
10002	51002	100
10003	51003	100

10011	51011	100
10012	51012	100
10013	51013	100
10014	51014	100

10099	51099	100

[ANIMATION_SETS]
# mario overworld
51	51

# map1
1	1


# background
99	99

# tree
101	101

# castle
111	111

# turtle
121	121	123

# Hub Hub
## board
161	861

## number
171	870	871	872	873	874	875	876	877	878	879

## point
181	881	882	883	884	885	886	887	888	889

## arrow
911	921	922	923	924

#GOAL CARDS
10001	10001	10002	10003
10011	10011	10012	10013	10014
10099	10099

[OBJECTS]
# mario overworld
4	58	40	51

# tree
3	42	8	101
3	42	24	101
3	58	8	101
3	58	24	101
3	74	8	101
3	74	24	101

3	42	56	101
3	42	72	101
3	42	88	101
3	58	56	101
3	58	72	101
3	74	56	101
3	74	72	101

3	106	24	101
3	122	24	101
3	138	24	101
3	106	40	101
3	122	40	101
3	138	40	101
3	106	56	101
3	122	56	101
3	138	56	101

3	122	88	101
3	138	88	101
3	154	88	101

3	170	24	101
3	186	24	101
3	202	24	101

3	170	56	101
3	170	72	101
3	186	56	101
3	186	72	101
3	202	56	101
3	218	56	101

3	234	8	101
3	234	24	101
3	234	40	101
3	234	56	101

3	250	8	101
3	250	24	101
3	250	40	101
3	250	56	101
3	250	72	101
3	250	88	101
3	250	104	101
3	250	120	101
3	250	136	101

# castle
3	218	88	111

# turtle
5	186	104	121

# map1
1	36	3	1

# Hub Hub

## number
24	148	185	171	0
24	156	185	171	0
24	164	185	171	0

24	76	185	171	1
24	84	185	171	1
24	92	185	171	1
24	100	185	171	1
24	108	185	171	1
24	116	185	171	1
24	124	185	171	1

24	156	176	171	2
24	164	176	171	2

24	52	185	171	3
24	60	185	171	3

## time
23	152	185	171

## score
#26	80	185	171

## arrow
27	75	176	911	0
27	83	176	911	0
27	91	176	911	0
27	100	176	911	0
27	108	176	911	0
27	116	176	911	0
27	124	176	911	1
## arrows
28	0	0	911

## coin
29	160	176	911

## lives
30	56	185	911

## card
34	200	171	10011	0
34	232	171	10011	0
34	264	171	10011	0
34	2752	24	10011	1


## board    
21	-12	165	161



# background
3	0	0	99
